10 8
13 11
12 8
11 6
14 10
9 5
11 9
12 8
11 8
12 8
8 7
8 7
8 7
8 7
9 8
8 7
8 7
9 8
8 7
7 6
7 6
8 7
10 6
10 9
7 6
7 6
7 6
7 6
7 6
9 8
8 6
9 7
9 7
10 8
10 9
10 7
8 6
10 9
10 8
9 8
9 8
11 8
9 7
9 8
10 9
10 8
9 7
9 8
8 6
11 9
10 8
11 10
9 6
10 9
10 7
8 7
9 7
9 8
11 7
12 8
11 10
11 8
8 7
10 8
10 8
9 7
11 8
10 7
10 8
11 7
8 4
11 9
11 7
10 7
12 8
10 8
10 9
11 10
10 8
11 7
10 6
8 7
10 9
10 7
11 7
11 10
9 7
9 7
11 7
10 9
11 8
11 8
11 7
11 8
10 7
10 6
12 8
13 9
13 9
12 8
11 9
13 8
12 9
9 7
11 8
11 7
12 9
10 7
10 9
12 9
13 9
11 10
11 9
12 8
11 10
10 8
11 7
12 10
12 9
11 7
11 8
10 8
11 10
12 10
13 9
12 9
13 9
11 9
13 11
12 9
13 10
10 4
11 8
13 10
12 9
12 8
11 7
11 8
8 4
8 6
8 7
9 7
9 6
9 5
10 8
8 7
9 7
10 8
10 9
10 7
9 6
9 8
9 6
10 6
9 6
10 6
10 7
9 5
10 7
10 7
9 8
9 7
9 6
10 8
10 7
10 8
9 5
9 6
11 8
10 8
12 9
11 10
10 8
13 11
10 6
9 8
11 10
11 8
10 9
10 6
11 10
10 10
10 7
10 7
11 7
11 7
11 9
11 8
11 8
9 8
10 9
10 9
11 10
11 10
11 9
10 8
10 9
12 8
10 6
11 8
12 10
12 11
11 9
10 8
11 6
12 9
11 10
12 10
12 10
12 9
11 10
12 9
12 11
11 7
11 8
11 7
12 11
10 8
11 9
11 8
11 9
11 8
11 7
11 8
11 9
12 7
10 7
11 9
12 8
12 8
11 8
11 8
10 7
11 7
11 8
11 11
11 8
11 7
11 7
11 7
12 11
11 7
13 11
12 9
13 9
12 8
11 9
12 8
12 10
11 8
12 8
13 9
12 8
13 9
12 10
12 9
12 8
12 8
11 7
12 9
13 11
12 9
12 9
12 8
12 10
14 10
4 4
4 4
5 5
5 5
4 4
4 4
5 5
5 5
5 5
5 5
5 5
5 5
5 5
5 5
5 5
6 6
6 6
6 6
6 6
6 6
6 6
7 7
6 6
7 7
6 6
6 6
6 6
6 6
7 7
6 6
6 6
7 7
7 7
6 6
7 7
6 6
7 7
7 6
7 7
7 7
7 7
8 8
7 7
7 7
8 8
7 7
7 7
7 7
8 8
9 9
7 6
6 6
8 8
8 8
8 8
9 9
9 9
9 9
9 9
9 9
11 9
11 11
8 8
10 10
6 6
11 10
10 9
9 7
9 7
9 9
9 9
10 10
10 10
10 9
10 8
11 10
9 9
10 8
8 8
10 9
9 8
11 10
10 9
11 9
9 9
10 9
9 9
10 8
9 9
10 10
9 9
9 9
11 10
10 10
12 12
9 5
11 9
11 11
11 10
9 7
9 7
12 11
10 10
11 10
10 9
10 9
11 8
11 10
10 10
11 9
11 9
12 10
11 11
10 8
11 11
11 11
9 6
11 10
9 8
12 10
9 9
13 12
10 9
10 8
10 9
10 10
9 9
8 8
10 8
10 8
8 7
9 8
10 8
9 9
10 8
11 8
9 8
11 8
11 8
10 9
11 9
9 8
10 7
11 9
10 9
11 10
9 8
10 9
10 9
10 8
11 9
9 5
10 8
10 8
11 8
12 8
11 9
9 8
11 9
10 7
11 10
12 9
11 9
10 9
10 9
11 7
10 9
10 8
11 10
10 7
12 11
10 9
11 8
11 10
11 9
12 11
10 9
11 9
12 10
11 10
11 7
9 8
9 7
11 10
11 10
9 8
12 10
11 9
12 9
11 9
12 9
11 9
12 10
12 9
11 9
13 11
12 8
10 8
12 10
12 10
9 5
11 8
12 10
11 9
12 10
11 8
14 11
13 9
9 5
13 11
13 12
14 11
13 11
13 10
13 10
11 7
13 12
12 10
11 8
12 9
13 10
13 11
14 12
13 12
13 10
13 10
10 6
12 10
12 11
13 9
14 10
10 7
10 6
12 10
12 8
13 9
12 10
11 8
13 10
13 9
12 8
10 7
14 12
13 9
13 9
12 9
12 9
13 10
12 9
10 6
11 7
12 10
13 9
15 11
12 8
12 8
11 7
10 9
10 9
12 8
12 8
11 10
11 8
10 6
11 8
12 8
11 8
11 11
11 11
13 9
13 12
12 8
12 8
11 10
12 8
12 8
13 11
11 8
12 8
11 8
12 9
13 10
11 11
13 10
12 9
13 12
14 12
12 11
11 8
13 9
12 9
12 11
13 9
13 12
13 9
12 8
12 9
13 10
12 8
12 10
13 13
12 12
13 13
13 10
12 10
14 11
12 10
13 9
12 10
13 10
12 12
13 10
12 10
13 12
12 10
14 12
13 11
13 10
13 10
13 11
14 12
13 12
13 12
12 10
12 9
13 12
14 12
14 9
13 11
13 12
12 11
14 13
14 10
13 11
14 10
13 12
13 10
13 11
13 9
15 13
14 10
13 10
13 10
14 10
14 10
13 11
14 11
14 11
14 13
14 11
14 11
13 10
14 13
15 13
14 10
14 12
15 11
14 13
14 12
15 14
15 12
14 12
14 12
13 11
14 10
12 8
15 12
13 9
14 9
13 12
14 11
14 11
15 12
14 9
13 9
14 12
14 12
13 10
14 11
15 10
15 11
14 11
15 11
15 12
8 8
8 8
9 9
9 9
9 9
8 8
9 9
8 8
8 8
10 9
10 10
8 8
10 10
10 10
9 9
8 8
9 9
9 9
10 10
9 9
10 10
9 9
8 8
9 9
9 9
9 9
9 9
9 9
10 10
10 10
9 9
9 8
9 9
9 9
9 9
9 5
10 10
10 7
10 10
10 10
9 9
10 10
10 10
10 9
11 9
11 9
10 10
10 10
9 9
10 10
10 10
10 9
9 9
9 8
11 10
9 9
9 9
10 10
12 12
10 9
10 9
11 10
9 8
11 10
11 10
10 10
12 11
11 9
10 10
10 10
11 11
12 11
12 9
10 9
11 11
10 8
11 9
11 11
10 9
11 11
11 8
10 8
12 10
10 10
11 11
10 7
11 10
10 9
10 10
9 9
12 8
13 13
10 10
11 10
12 10
11 9
10 9
10 6
12 10
11 8
11 10
11 10
11 9
11 10
12 11
12 10
12 9
12 10
12 10
12 9
11 9
12 9
11 10
11 10
12 10
12 12
12 9
14 11
11 10
11 11
13 9
13 9
13 9
13 9
9 7
10 7
10 8
10 6
10 9
11 7
12 8
11 7
12 10
10 7
11 9
11 7
11 7
10 6
11 8
11 7
12 10
11 9
10 6
10 7
13 9
12 8
11 8
13 10
12 8
12 8
11 7
11 7
11 7
11 8
12 8
14 10
10 9
11 7
12 9
12 9
12 11
12 8
13 11
12 8
13 9
11 8
13 11
12 8
11 8
13 10
13 11
13 10
13 10
14 11
13 10
12 8
11 7
13 10
12 8
13 9
12 10
11 8
14 11
14 11
13 9
12 8
13 10
12 8
10 7
13 10
13 9
12 8
14 10
13 10
11 8
13 11
13 11
13 9
13 9
14 10
15 11
13 10
12 9
12 9
12 8
11 9
12 10
13 9
13 9
15 11
11 9
14 12
14 11
14 10
13 9
13 11
14 10
10 6
13 10
14 11
13 12
13 9
13 9
13 9
15 11
13 9
11 8
12 10
15 11
14 10
16 11
14 10
10 7
15 11
13 10
12 9
11 6
15 12
12 9
11 7
14 10
11 8
13 10
13 9
12 9
11 9
11 7
13 9
11 7
11 7
13 9
13 9
15 11
13 9
13 10
9 9
9 9
8 4
9 8
9 9
9 8
8 8
9 9
9 9
9 9
9 9
9 9
10 9
10 10
10 10
10 9
13 12
10 9
9 9
10 10
11 10
9 8
10 10
10 9
11 9
10 8
9 8
12 10
11 8
10 10
9 9
11 10
12 10
10 8
10 9
11 11
12 8
10 10
12 8
12 9
10 9
9 9
13 10
10 7
10 8
9 9
11 9
11 9
10 9
13 9
12 8
12 11
11 8
12 11
12 10
11 7
10 9
12 11
11 9
11 8
12 8
12 10
13 11
11 8
8 7
12 9
10 8
11 10
12 9
13 10
13 11
11 9
13 9
12 11
14 11
11 9
11 9
11 7
13 12
12 9
11 10
14 12
12 8
14 11
11 10
14 10
12 11
13 13
12 9
13 9
13 11
13 9
10 10
13 10
10 9
13 9
9 6
10 9
11 9
15 13
12 10
12 10
11 9
11 7
14 11
13 11
13 11
14 12
11 11
10 5
13 9
14 10
9 8
12 9
12 8
11 9
13 9
12 9
9 5
13 8
14 11
13 9
11 8
13 10
14 11
11 7
13 10
12 9
5 1
5 1
5 1
5 1
5 1
6 2
6 2
6 2
7 3
7 3
7 3
7 3
7 3
7 3
7 3
8 5
7 3
7 3
7 4
7 3
7 3
7 3
7 3
7 3
7 4
7 3
7 3
7 3
8 3
7 4
7 3
7 3
8 4
7 4
7 4
7 3
7 3
7 3
8 4
8 5
8 4
8 3
8 5
7 3
7 3
8 4
8 4
7 3
8 4
8 3
8 4
7 3
8 3
8 4
9 4
8 4
8 4
8 4
8 4
7 3
8 4
8 4
7 4
8 4
8 4
7 3
8 4
8 4
8 4
7 3
7 3
8 4
8 4
8 4
8 5
7 3
7 4
8 4
8 4
7 4
8 4
8 4
8 4
7 3
8 3
8 4
8 4
8 4
8 4
8 4
8 4
8 4
9 5
8 4
8 4
8 3
9 5
8 4
10 5
8 4
8 5
9 4
8 4
8 4
9 3
9 4
8 3
11 8
9 4
9 5
9 5
8 4
8 3
9 5
8 5
8 5
9 6
8 4
8 4
8 4
9 5
9 4
10 7
9 5
9 5
9 5
9 5
9 6
10 7
9 5
11 8
9 9
11 7
11 7
10 7
11 9
11 7
11 10
10 7
11 10
11 8
11 8
11 10
12 11
14 10
11 8
11 10
12 11
12 10
12 9
11 8
12 10
12 8
11 8
13 9
11 9
12 9
13 11
10 7
13 12
12 9
10 6
10 6
12 9
11 7
12 7
12 8
10 6
14 12
12 9
10 6
11 7
11 7
11 8
11 8
13 10
14 10
11 7
11 6
11 7
11 7
15 11
12 10
12 9
12 8
12 10
12 9
13 10
11 7
12 7
13 12
10 6
13 10
11 7
13 9
12 8
12 8
12 8
12 8
13 10
12 8
11 8
11 7
11 8
14 12
12 8
13 9
12 9
14 10
13 10
11 7
11 7
12 8
13 10
12 8
10 6
13 10
10 6
12 8
11 7
15 11
13 9
10 6
13 8
11 7
11 7
12 8
13 9
12 7
12 8
13 9
13 9
15 10
14 11
13 9
11 7
11 7
12 8
13 10
14 10
12 9
11 7
14 11
13 11
12 9
13 9
12 9
13 8
13 8
13 8
11 7
12 8
11 6
12 8
13 9
12 8
8 6
8 6
8 6
8 6
10 4
8 4
8 4
8 5
10 7
8 4
10 7
7 3
8 3
9 5
10 6
9 7
10 7
9 6
9 7
9 6
9 5
9 6
10 6
9 5
10 6
9 6
10 6
9 5
9 7
9 6
9 6
9 7
9 6
9 5
9 5
9 6
9 5
9 5
10 6
9 5
9 6
9 5
9 4
9 5
9 6
10 7
9 6
9 4
9 6
10 8
9 4
9 5
9 5
10 7
9 5
10 7
10 6
10 6
10 6
10 6
10 7
10 7
10 8
10 7
10 6
10 6
10 7
10 6
10 7
9 5
10 7
12 9
10 6
11 7
10 6
10 6
11 8
10 8
11 7
11 6
11 7
10 6
10 6
10 6
11 6
10 6
11 6
10 5
11 7
11 7
11 7
9 4
10 6
11 6
11 7
10 7
11 6
12 8
11 8
10 5
10 5
12 9
11 7
11 8
12 9
10 6
11 6
11 7
11 8
11 7
11 7
11 7
10 7
12 8
11 6
11 8
11 7
11 8
11 7
12 7
11 7
12 9
11 6
12 8
12 6
12 8
13 7
14 8
11 6
12 6
14 9
13 7
11 6
12 8
14 7
14 8
13 6
14 9
12 7
13 8
13 7
14 9
12 5
14 8
13 7
11 5
12 6
11 6
14 7
13 7
13 7
16 9
13 6
13 6
13 9
12 7
15 6
13 4
14 6
12 3
14 6
13 4
13 6
13 6
11 4
13 5
12 9
13 6
14 7
12 4
11 5
13 5
15 7
11 4
12 5
14 7
12 5
13 6
15 7
13 4
13 7
15 9
13 4
12 5
14 5
13 5
13 5
14 7
12 5
13 6
13 7
14 7
12 4
12 6
15 7
15 7
15 7
14 9
14 7
14 9
15 6
13 5
14 8
13 4
14 7
14 5
14 4
13 3
13 4
13 4
13 6
15 7
13 4
13 6
15 5
13 5
13 6
14 3
14 6
12 3
15 6
14 6
14 5
15 7
14 3
13 6
13 4
14 7
13 5
14 4
13 5
14 4
13 3
14 5
14 4
15 6
13 4
13 5
15 7
14 6
14 3
14 6
13 3
16 8
12 4
14 5
15 4
14 3
14 4
15 6
16 4
14 4
13 4
15 6
15 6
14 4
11 9
10 5
10 6
11 7
11 6
12 9
12 6
12 6
13 7
13 6
11 7
13 9
12 9
14 10
13 9
14 10
14 9
13 6
12 5
13 9
12 9
11 8
12 6
14 6
13 7
13 7
12 7
11 5
15 10
14 9
13 10
12 7
12 6
11 6
13 7
11 6
14 9
12 7
13 9
13 9
16 9
14 8
14 8
14 9
13 7
14 8
12 6
15 6
14 8
14 9
15 9
11 6
13 7
13 7
13 6
15 10
13 9
13 8
12 7
13 10
14 10
14 5
13 9
13 8
14 10
12 6
15 9
14 10
13 5
13 9
13 9
13 10
14 10
15 8
14 6
14 9
12 7
13 9
13 8
15 7
15 7
13 9
15 9
13 7
14 9
12 6
15 6
15 10
13 7
13 7
13 7
13 6
14 7
16 9
15 6
15 9
12 6
14 8
12 6
14 8
14 8
13 8
15 6
13 6
12 5
13 7
15 6
15 8
14 7
14 8
14 7
14 7
14 7
15 8
14 8
14 7
16 8
15 8
14 7
15 9
13 7
15 9
16 8
14 6
14 9
16 9
15 9
14 6
10 8
8 7
9 7
9 8
9 8
10 9
10 8
9 8
10 9
9 7
10 8
9 8
9 8
11 9
11 9
10 8
11 10
9 8
11 9
11 9
10 9
11 9
11 10
10 8
9 8
10 9
10 8
10 9
11 10
11 9
10 7
11 10
12 11
9 8
10 9
11 9
11 9
11 9
11 8
11 8
11 9
11 10
9 5
11 9
11 9
10 8
12 9
11 9
10 9
12 10
12 9
11 9
10 8
11 10
11 9
11 8
12 9
11 9
11 10
11 10
11 9
11 8
11 9
11 10
11 9
10 9
11 8
11 10
11 10
12 10
11 9
10 9
13 10
12 10
13 12
11 10
11 9
11 8
11 9
11 10
11 10
12 9
11 9
12 11
12 9
12 10
13 10
12 8
11 10
13 11
11 9
11 9
10 9
12 8
11 9
12 10
10 8
11 5
11 9
14 12
12 9
12 9
13 12
11 10
13 11
12 11
12 10
13 9
13 10
13 12
13 11
9 7
12 9
12 9
10 7
12 8
12 9
12 8
12 10
12 9
12 8
12 10
10 8
14 10
13 8
12 8
13 8
12 9
8 8
9 9
9 8
8 8
9 8
10 10
9 8
9 9
9 7
10 9
10 9
11 10
10 8
10 9
10 9
9 9
10 10
10 8
10 8
10 8
11 8
10 8
11 9
11 11
10 8
11 11
12 10
12 12
10 9
11 9
11 9
11 8
12 10
11 8
11 8
10 7
11 9
12 10
11 9
9 7
12 10
12 9
11 9
12 10
10 9
11 10
12 10
13 10
10 7
11 9
11 8
12 10
10 8
10 9
13 10
10 7
10 8
12 11
13 10
13 11
11 9
11 8
14 11
11 8
11 6
9 7
11 8
11 8
12 8
10 5
12 8
11 8
12 9
11 6
10 5
11 8
11 7
10 7
14 10
13 11
11 8
11 7
11 8
12 7
10 5
12 10
10 7
12 8
13 10
9 5
10 6
13 9
11 5
12 6
9 3
13 9
10 7
10 4
11 7
10 6
11 6
13 10
12 8
11 8
12 8
12 6
13 10
11 6
10 3
10 5
10 5
11 5
12 6
11 5
12 8
14 7
13 8
11 6
12 5
13 7
12 7
13 5
11 5
12 6
11 6
12 7
13 6
13 6
10 8
10 8
11 9
11 9
11 8
12 9
13 10
12 9
12 9
12 8
11 9
12 10
12 8
13 9
14 11
14 11
12 8
13 9
12 10
14 11
14 10
12 7
12 9
13 9
14 10
13 9
15 12
14 8
12 7
13 8
13 10
13 8
13 8
12 9
14 11
13 10
13 7
14 11
13 10
15 10
13 9
13 10
14 9
14 11
13 10
13 9
14 10
14 10
14 9
13 11
14 10
13 9
15 8
14 10
15 11
15 9
12 8
14 9
14 9
15 9
15 10
14 11
14 9
15 11
15 12
15 9
13 10
14 10
14 11
13 9
14 9
14 9
14 9
15 11
14 11
15 11
14 9
15 12
16 11
13 8
16 11
15 9
16 11
14 8
14 8
16 13
15 8
15 10
15 9
14 10
15 11
15 8
14 7
14 9
15 10
15 11
14 9
16 9
16 11
14 9
15 10
13 8
15 9
13 6
13 7
15 8
15 8
16 9
14 8
15 11
